50
28 15
6 15
23 29
7 17
46 56
33 40
3 12
33 42
22 32
20 30
28 36
26 32
35 45
9 17
19 29
15 20
41 49
4 14
25 31
50 57
17 27
3 9
33 43
41 51
8 13
26 31
14 22
29 39
14 22
10 7
31 37
4 11
5 11
33 38
46 53
36 41
43 51
9 19
43 49
38 43
33 47
41 51
1 9
7 15
17 27
9 19
10 17
20 27
47 53
48 58
0 10
43 48
21 28
27 32
21 29
5 15
49 55
7 17
44 52
17 27
30 35
41 49
26 36
8 18
50 57
31 36
1 9
27 34
4 12
17 24
19 29
40 50
1 8
16 22
19 36
15 23
44 50
17 25
43 50
49 59
25 31
46 55
21 31
40 49
16 23
5 12
25 33
41 51
33 38
38 44
31 41
16 26
11 21
14 20
2 49
25 35
18 27
26 18
43 48
45 52
4 9
1 9
5 12
30 40
48 57
21 28
42 50
44 54
10 18
9 19
34 43
7 16
16 21
9 17
5 15
50 58
6 11
3 9
14 23
9 18
47 52
16 25
28 33
35 43
5 9
33 39
10 20
20 26
27 33
3 11
48 48
40 47
0 8
11 16
13 22
46 54
48 55
24 31
36 42
15 22
46 52
9 19
41 47
3 12
14 22
46 53
44 50
45 53
5 10
25 34
47 57
14 21
14 20
14 24
0 6
43 51
19 25
5 14
39 46
9 17
4 10
44 54
1 9
46 56
42 47
9 18
33 43
37 44
44 51
33 40
50 59
32 42
8 14
37 43
3 10
36 45
7 17
16 22
34 43
16 24
24 32
33 41
47 53
37 47
34 40
29 36
11 21
13 21
48 57
30 35
29 35
36 42
40 50
37 43
29 34
10 17
6 34
23 30
47 57
12 22
40 45
15 25
45 54
30 20
50 56
20 26
47 55
46 51
40 47
36 41
37 46
21 28
27 36
0 7
15 22
29 35
49 55
11 16
7 13
25 34
22 29
47 54
50 59
21 30
39 46
35 40
21 27
23 28
42 52
15 20
29 38
5 10
12 18
0 9
30 4
45 53
40 50
27 34
20 27
15 25
41 51
14 21
4 11
46 54
48 55
25 32
4 14
32 40
12 22
0 9
11 16
16 23
27 34
18 27
11 16
29 36
36 46
17 26
9 18
6 15
34 39
4 14
4 13
42 47
19 27
2 34
8 18
4 11
22 30
17 24
29 34
50 55
34 42
21 26
25 35
40 45
5 15
37 44
41 46
5 15
48 57
1 6
46 53
0 9
20 28
30 38
20 27
38 48
41 50
19 26
17 22
46 47
39 44
29 34
8 15
31 38
50 56
18 25
50 58
24 29
42 50
35 44
18 24
31 37
48 56
6 15
45 54
22 30
23 30
45 51
42 51
8 13
41 48
5 15
48 57
9 17
11 20
21 28
2 8
3 13
27 37
27 35
2 11
47 54
31 39
10 18
48 58
22 30
22 27
39 45
30 38
17 25
45 51
20 30
22 32
8 17
27 34
11 21
12 3
10 20
18 27
11 16
45 53
27 33
34 40
16 24
5 13
50 59
22 31
36 46
5 11
29 47
50 55
43 49
0 10
15 22
38 47
11 16
28 38
24 30
31 41
31 37
19 24
24 32
16 26
5 10
18 26
36 44
39 47
41 47
23 28
25 33
16 23
43 49
38 45
36 43
10 20
40 46
27 32
28 35
7 13
6 2
40 45
0 8
38 45
43 49
12 20
6 13
46 17
0 10
36 46
41 51
12 20
6 15
0 5
9 17
12 21
31 40
29 34
50 57
48 54
45 53
26 36
33 43
0 7
15 21
19 26
36 43
24 32
15 24
43 50
22 32
42 48
26 34
5 15
7 14
18 28
24 31
48 56
48 54
3 9
11 20
10 15
0 6
34 39
35 43
7 17
50 57
24 34
46 56
22 28
45 55
22 32
43 51
33 42
28 21
21 31
1 6
28 33
2 11
49 58
35 43
39 45
16 23
9 15
42 52
33 40
43 48
13 21
25 32
32 38
49 55
48 55
40 47
19 26
5 13
30 38
4 12
30 36
14 22
1 6
27 32
29 36
13 19
7 38
23 32
0 8
11 20
22 31
18 24
7 12
29 35
19 18
11 16
41 51
9 18
46 55
17 22
38 45
9 19
26 31
49 56
16 25
49 58
17 26
5 15
37 43
18 28
41 51
6 14
42 51
36 42
16 14
24 32
17 22
47 54
38 47
50 56
36 41
4 11
20 27
38 48
36 46
48 54
32 38
47 55
26 31
29 36
28 36
48 27
13 20
29 39
50 59
21 27
41 48
6 16
28 37
16 23
21 28
32 42
17 25
44 54
2 12
40 47
20 26
42 47
45 55
11 20
12 20
21 28
5 10
41 46
19 27
29 38
33 39
21 26
50 57
10 20
30 36
16 24
0 6
44 54
8 16
50 55
21 26
39 44
20 25
48 58
2 9
49 56
37 45
6 13
11 17
5 15
43 52
43 50
29 35
47 53
50 7
25 32
4 9
49 58
40 45
17 24
29 39
18 27
13 23
48 54
26 34
48 55
47 53
8 13
2 11
23 33
40 48
43 52
11 16
20 26
23 31
2 10
38 47
15 23
49 55
38 47
40 50
48 53
10 17
21 30
20 27
11 19
47 56
25 33
35 40
33 39
22 30
32 37
50 56
16 23
16 24
32 39
0 6
19 27
27 36
10 18
36 43
14 19
7 17
20 27
42 51
8 26
16 22
40 47
10 16
40 46
5 12
33 38
12 17
1 7
8 2
3 12
38 47
47 57
25 35
26 35
36 43
14 23
38 47
12 45
22 27
12 20
40 48
10 17
14 19
43 49
25 32
39 49
7 15
39 48
9 19
26 33
22 16
44 53
27 37
40 45
20 30
39 48
15 23
16 26
7 16
37 46
35 44
24 34
24 30
49 59
17 26
36 41
17 23
49 54
38 43
44 49
23 32
30 35
47 55
29 16
9 15
16 21
2 8
49 59
17 26
44 52
29 34
14 21
47 56
5 12
18 28
19 25
8 14
15 24
47 52
30 35
26 31
3 12
49 55
5 11
31 38
7 17
50 57
8 16
48 55
47 53
37 44
23 30
13 21
8 28
23 31
16 23
13 20
26 31
49 58
7 16
0 6
31 37
28 50
41 49
42 47
1 7
35 40
21 30
35 44
22 31
28 37
6 16
46 54
32 40
16 23
48 53
43 52
41 46
7 16
7 12
11 20
11 21
50 59
1 11
15 22
37 45
7 15
42 47
20 28
12 22
43 48
24 4
22 29
30 36
23 28
6 15
4 11
36 45
17 26
6 12
20 29
49 57
26 31
36 46
11 21
41 51
4 12
21 28
34 40
32 37
14 22
1 9
32 37
33 40
0 10
31 37
19 36
45 50
3 11
3 12
48 54
21 29
20 30
40 46
12 19
36 46
21 30
38 45
6 15
22 32
28 34
6 14
38 45
38 48
49 57
6 13
3 20
19 28
49 55
35 41
45 47
12 22
12 20
22 30
23 32
30 38
26 33
9 14
17 25
43 52
12 17
13 22
20 30
6 16
21 30
2 7
35 44
5 13
25 31
1 9
1 9
21 26
6 12
36 42
11 17
24 30
4 11
20 29
8 13
30 36
15 20
9 18
42 48
25 32
15 21
36 42
6 13
21 29
0 9
46 56
39 47
15 23
23 32
5 13
45 55
49 58
30 13
27 36
49 54
13 20
48 55
44 50
23 30
35 42
17 27
7 16
15 21
25 34
6 14
29 36
15 22
17 23
30 40
8 16
24 32
6 14
46 51
0 7
29 36
14 20
2 8
31 40
16 25
50 56
39 44
25 31
41 51
35 20
33 39
29 34
6 16
30 35
35 45
30 35
32 40
39 45
8 15
3 8
22 28
27 35
22 32
4 10
41 46
16 21
39 45
32 38
28 33
28 37
22 28
20 25
19 29
14 22
21 27
44 53
5 14
49 56
25 35
5 15
38 46
11 16
10 16
43 53
4 11
23 21
43 51
17 22
44 53
38 45
24 30
19 26
37 43
7 12
33 42
3 10
7 17
23 30
18 23
5 14
26 35
50 57
3 10
3 10
41 48
27 33
10 19
45 51
21 30
11 40
36 45
44 50
8 18
39 49
20 26
25 33
32 39
28 38
27 34
38 46
17 22
24 2
10 18
20 28
15 21
36 46
22 32
16 26
45 54
27 34
9 15
43 50
5 14
32 37
49 58
35 44
33 38
23 29
21 26
7 15
48 56
18 24
50 60
32 38
46 54
42 52
16 27
30 36
2 10
22 28
34 42
33 43
27 37
15 25
18 26
44 49
25 30
39 44
2 8
31 37
17 24
29 36
17 22
28 31
0 10
39 48
45 53
9 14
25 34
7 12
38 44
49 55
46 51
20 25
39 44
45 55
5 11
45 50
17 27
40 49
20 25
17 24
37 43
34 43
25 30
27 33
27 37
41 50
43 49
40 45
46 56
43 49
3 46
30 35
1 9
35 45
13 46
5 13
23 28
9 18
30 36
50 56
1 8
42 48
29 39
26 32
8 14
42 50
17 27
36 45
12 34
28 35
28 37
19 27
25 33
5 12
50 55
24 30
6 15
21 26
29 39
22 30
16 26
27 36
4 11
37 46
21 29
33 43
13 19
24 29
35 40
25 30
12 21
35 42
38 46
34 44
50 56
12 20
12 18
43 51
6 12
27 37
26 36
41 51
21 27
42 49
43 52
19 26
5 14
22 27
42 50
50 43
7 14
3 8
31 37
9 17
49 58
21 31
34 41
41 51
24 29
9 15
46 56
34 44
39 45
44 54
22 31
36 45
36 46
2 7
50 58
26 34
44 49
17 23
49 57
10 18
15 23
28 33
4 10
22 29
28 38
25 30
15 24
23 28
37 45
41 48
13 23
36 42
2 10
17 23
1 7
7 15
9 16
42 52
13 21
13 23
38 46
38 47
2 12
48 55
25 30
9 16
18 11
27 34
27 35
11 17
21 26
38 44
16 25
28 35
37 46
20 30
41 47
37 43
39 49
20 28
25 30
24 30
4 9
44 50
2 11
25 7
37 43
27 37
26 36
36 46
11 21
4 10
40 47
30 40
50 55
26 33
11 19
7 12
25 31
10 20
36 41
9 15
5 12
28 35
41 51
24 30
50 56
28 38
48 56
28 33
7 13
